[gd_scene format=3 uid="uid://b2cts2akkteqy"]

[ext_resource type="Script" uid="uid://dlsv2il1582xa" path="res://Contents/start.gd" id="1_p2deq"]
[ext_resource type="PackedScene" uid="uid://vp8gye5v6rvu" path="res://Contents/Cars/Monteri/monteri.tscn" id="3_wmpbc"]
[ext_resource type="PackedScene" uid="uid://jc0ds06b0hax" path="res://Contents/Status/status.tscn" id="4_3pbfw"]
[ext_resource type="PackedScene" uid="uid://d06o671c7kapk" path="res://Contents/Driver/driver.tscn" id="4_iswu0"]
[ext_resource type="PackedScene" uid="uid://b18clxo387rph" path="res://Contents/VehicleHandling/vehicle_handling.tscn" id="4_oj8dr"]
[ext_resource type="PackedScene" uid="uid://kqarc4ex01vd" path="res://Contents/Maps/DesertForMultimesh/desert_for_multimesh.tscn" id="5_6mm1r"]
[ext_resource type="Script" uid="uid://dy2yil6yhnymj" path="res://Contents/Camera/camera_3d.gd" id="6_s4fjt"]
[ext_resource type="PackedScene" uid="uid://d0ibysa656rsu" path="res://Contents/Cars/Pretender M3/pretender_m3.tscn" id="8_0bico"]
[ext_resource type="PackedScene" uid="uid://cu5i02dtu3c5e" path="res://Contents/Props/DirectionalSign/directional_sign.tscn" id="9_rpi05"]
[ext_resource type="PackedScene" uid="uid://dwba28or2gkhs" path="res://Contents/Props/Cone/cone.tscn" id="10_gld4s"]
[ext_resource type="PackedScene" uid="uid://b1jvgybshqybu" path="res://Contents/Props/DirectionalHint/directional_hint.tscn" id="11_rb16c"]
[ext_resource type="PackedScene" uid="uid://dfhqbs7w6xr5r" path="res://Contents/Maps/Desert/desert.tscn" id="12_6mm1r"]
[ext_resource type="PackedScene" uid="uid://cr52xtkncapf0" path="res://Contents/Props/Pole/pole.tscn" id="12_si2rs"]
[ext_resource type="PackedScene" uid="uid://7as22vqnk5kl" path="res://Contents/Props/Saguaro/saguaro.tscn" id="14_o5ca2"]
[ext_resource type="PackedScene" uid="uid://dhv2jsrnthkvf" path="res://Contents/Props/Tamarisk/tamarisk.tscn" id="15_8don6"]
[ext_resource type="PackedScene" uid="uid://dfi266gqclhyn" path="res://Contents/PollenDispersal/pollen_dipersal.tscn" id="16_n86l7"]
[ext_resource type="PackedScene" uid="uid://ppbgs7v6o83h" path="res://Contents/WindTurbine/wind_turbine.tscn" id="17_ndxey"]

[sub_resource type="ProceduralSkyMaterial" id="ProceduralSkyMaterial_0bico"]
sky_top_color = Color(0.49019608, 0.7137255, 1, 1)
sky_horizon_color = Color(1, 1, 1, 1)
sky_curve = 0.019411238
sky_energy_multiplier = 0.5
ground_bottom_color = Color(0.14621773, 0.129233, 0.110393904, 1)
ground_horizon_color = Color(1, 1, 1, 1)
ground_curve = 0.06964399
energy_multiplier = 0.65

[sub_resource type="Sky" id="Sky_rpi05"]
sky_material = SubResource("ProceduralSkyMaterial_0bico")

[sub_resource type="Environment" id="Environment_gld4s"]
background_mode = 2
sky = SubResource("Sky_rpi05")
tonemap_mode = 2
tonemap_exposure = 2.6
glow_intensity = 0.11
glow_strength = 1.79

[sub_resource type="CameraAttributesPractical" id="CameraAttributesPractical_rb16c"]

[sub_resource type="BoxShape3D" id="BoxShape3D_0bico"]
size = Vector3(500, 70, 1)

[node name="Start" type="Node" unique_id=2021748297 node_paths=PackedStringArray("players_car")]
script = ExtResource("1_p2deq")
players_car = NodePath("Monteri")

[node name="WorldEnvironment" type="WorldEnvironment" parent="." unique_id=314141121]
environment = SubResource("Environment_gld4s")
camera_attributes = SubResource("CameraAttributesPractical_rb16c")

[node name="DirectionalLight3D" type="DirectionalLight3D" parent="." unique_id=1042532082]
transform = Transform3D(0.6768118, 0.28765067, 0.67763025, -0.13912827, -0.85392773, 0.50144845, 0.7228894, -0.43366387, -0.53792804, 2.5657973, 3.826301, -2.0227127)
light_intensity_lux = 42783.47
light_temperature = 5088.0
shadow_enabled = true

[node name="Driver" parent="." unique_id=998671763 instance=ExtResource("4_iswu0")]

[node name="Status" parent="." unique_id=1060455076 instance=ExtResource("4_3pbfw")]

[node name="Desert" parent="." unique_id=776355461 instance=ExtResource("12_6mm1r")]

[node name="DesertForMultimesh" parent="." unique_id=1758417175 instance=ExtResource("5_6mm1r")]

[node name="Monteri" parent="." unique_id=651041430 instance=ExtResource("3_wmpbc")]
transform = Transform3D(0.9880757, 0, 0.15396889, 0, 1, 0, -0.15396889, 0, 0.9880757, -48.79056, 0.34300005, 8.33729)
collision_layer = 1
collision_mask = 1
physics_material_override = null

[node name="VehicleHandling" parent="Monteri" unique_id=1927421697 instance=ExtResource("4_oj8dr")]
force_max = 30000.0

[node name="Pretender M3" parent="." unique_id=12509838 instance=ExtResource("8_0bico")]
transform = Transform3D(1, 0, 0, 0, 1, 0, 0, 0, 1, -47.64292, 0.34334496, -2.786478)
collision_layer = 1
collision_mask = 1
physics_material_override = null

[node name="VehicleHandling" parent="Pretender M3" unique_id=1737348458 instance=ExtResource("4_oj8dr")]

[node name="Camera3D" type="Camera3D" parent="." unique_id=608577462]
transform = Transform3D(0.3444589, 0.19755457, -0.9177801, 0, 0.9776083, 0.21043278, 0.9388014, -0.07248544, 0.33674592, -54.142685, 1.8336394, -0.40162802)
fov = 40.0
script = ExtResource("6_s4fjt")

[node name="WorldBounds" type="Node3D" parent="." unique_id=657910008]

[node name="StaticBody3D" type="StaticBody3D" parent="WorldBounds" unique_id=656029198]
transform = Transform3D(1, 0, 0, 0, 1, 0, 0, 0, 1, 0, 0, 250)

[node name="CollisionShape3D" type="CollisionShape3D" parent="WorldBounds/StaticBody3D" unique_id=1723747780]
shape = SubResource("BoxShape3D_0bico")

[node name="StaticBody3D2" type="StaticBody3D" parent="WorldBounds" unique_id=53267592]
transform = Transform3D(1, 0, 0, 0, 1, 0, 0, 0, 1, 0, 0, -250)

[node name="CollisionShape3D" type="CollisionShape3D" parent="WorldBounds/StaticBody3D2" unique_id=1150027370]
shape = SubResource("BoxShape3D_0bico")

[node name="StaticBody3D3" type="StaticBody3D" parent="WorldBounds" unique_id=1932386332]
transform = Transform3D(-4.371139e-08, 0, 1, 0, 1, 0, -1, 0, -4.371139e-08, 250, 0, 0)

[node name="CollisionShape3D" type="CollisionShape3D" parent="WorldBounds/StaticBody3D3" unique_id=804752100]
shape = SubResource("BoxShape3D_0bico")

[node name="StaticBody3D4" type="StaticBody3D" parent="WorldBounds" unique_id=185835321]
transform = Transform3D(-4.371139e-08, 0, 1, 0, 1, 0, -1, 0, -4.371139e-08, -250, 0, 0)

[node name="CollisionShape3D" type="CollisionShape3D" parent="WorldBounds/StaticBody3D4" unique_id=1271720660]
shape = SubResource("BoxShape3D_0bico")

[node name="PollenDispersal" parent="." unique_id=1719136260 instance=ExtResource("16_n86l7")]

[node name="Props" type="Node3D" parent="." unique_id=2012716421]

[node name="Road Signs" type="Node3D" parent="Props" unique_id=2037389558]

[node name="DirectionalSign" parent="Props/Road Signs" unique_id=1053612396 instance=ExtResource("9_rpi05")]
transform = Transform3D(-0.2213272, 0, -0.9751996, 0, 1, 0, 0.9751996, 0, -0.2213272, -38.767033, 0, -10.528575)

[node name="DirectionalSign2" parent="Props/Road Signs" unique_id=1518576969 instance=ExtResource("9_rpi05")]
transform = Transform3D(-0.43310854, 0, -0.90134174, 0, 1, 0, 0.90134174, 0, -0.43310854, -35.8351, 0, -18.162947)

[node name="DirectionalSign3" parent="Props/Road Signs" unique_id=1977066031 instance=ExtResource("9_rpi05")]
transform = Transform3D(-0.55408907, 0, -0.8324573, 0, 1, 0, 0.8324573, 0, -0.55408907, -31.778517, 0, -25.139883)

[node name="DirectionalSign4" parent="Props/Road Signs" unique_id=1900800573 instance=ExtResource("9_rpi05")]
transform = Transform3D(-0.72957754, 0, -0.683898, 0, 1, 0, 0.683898, 0, -0.72957754, -26.229454, 0, -30.913925)

[node name="DirectionalSign5" parent="Props/Road Signs" unique_id=874841870 instance=ExtResource("9_rpi05")]
transform = Transform3D(-0.8790667, 0, -0.47669858, 0, 1, 0, 0.47669858, 0, -0.8790667, -18.737345, 0, -35.95797)

[node name="DirectionalSign6" parent="Props/Road Signs" unique_id=853731745 instance=ExtResource("9_rpi05")]
transform = Transform3D(-0.9494254, 0, -0.31399253, 0, 1, 0, 0.31399253, 0, -0.9494254, -10.208929, 0, -39.097916)

[node name="DirectionalSign7" parent="Props/Road Signs" unique_id=61918303 instance=ExtResource("9_rpi05")]
transform = Transform3D(-0.9970941, 0, -0.07617965, 0, 1, 0, 0.07617965, 0, -0.9970941, -2.2012994, 0, -40.227917)

[node name="DirectionalSign8" parent="Props/Road Signs" unique_id=1310437688 instance=ExtResource("9_rpi05")]
transform = Transform3D(-0.7374188, 0, -0.6754358, 0, 1, 0, 0.6754358, 0, -0.7374188, -37.73298, 0, -41.69223)

[node name="DirectionalSign9" parent="Props/Road Signs" unique_id=733710323 instance=ExtResource("9_rpi05")]
transform = Transform3D(-0.8226504, 0, -0.5685475, 0, 1, 0, 0.5685475, 0, -0.8226504, -32.03419, 0, -46.65415)

[node name="DirectionalSign10" parent="Props/Road Signs" unique_id=961211624 instance=ExtResource("9_rpi05")]
transform = Transform3D(-0.8875823, 0, -0.46064913, 0, 1, 0, 0.46064913, 0, -0.8875823, -25.473686, 0, -50.241524)

[node name="DirectionalSign11" parent="Props/Road Signs" unique_id=225164207 instance=ExtResource("9_rpi05")]
transform = Transform3D(-0.94141173, 0, -0.3372596, 0, 1, 0, 0.3372596, 0, -0.94141173, -18.180346, 0, -53.528004)

[node name="DirectionalSign12" parent="Props/Road Signs" unique_id=1855385993 instance=ExtResource("9_rpi05")]
transform = Transform3D(-0.9851153, 0, -0.17189476, 0, 1, 0, 0.17189476, 0, -0.9851153, -10.262692, 0, -55.359863)

[node name="DirectionalSign13" parent="Props/Road Signs" unique_id=800120184 instance=ExtResource("9_rpi05")]
transform = Transform3D(-0.9988518, 0, -0.047908485, 0, 1, 0, 0.047908485, 0, -0.9988518, -1.8553581, 0, -56.164772)

[node name="DirectionalSign14" parent="Props/Road Signs" unique_id=43487684 instance=ExtResource("9_rpi05")]
transform = Transform3D(0.9998805, 0, -0.015462957, 0, 1, 0, 0.015462957, 0, 0.9998805, -21.226324, 0, 59.544434)

[node name="DirectionalSign15" parent="Props/Road Signs" unique_id=215528414 instance=ExtResource("9_rpi05")]
transform = Transform3D(0.9998805, 0, -0.015462957, 0, 1, 0, 0.015462957, 0, 0.9998805, -27.789087, 0, 59.172382)

[node name="DirectionalSign16" parent="Props/Road Signs" unique_id=921243152 instance=ExtResource("9_rpi05")]
transform = Transform3D(0.9998805, 0, -0.015462957, 0, 1, 0, 0.015462957, 0, 0.9998805, -34.056015, 0, 59.270382)

[node name="DirectionalSign17" parent="Props/Road Signs" unique_id=966791543 instance=ExtResource("9_rpi05")]
transform = Transform3D(0.9998805, 0, -0.015462957, 0, 1, 0, 0.015462957, 0, 0.9998805, -40.045715, 0, 59.10955)

[node name="DirectionalSign18" parent="Props/Road Signs" unique_id=2114499250 instance=ExtResource("9_rpi05")]
transform = Transform3D(0.9998805, 0, -0.015462957, 0, 1, 0, 0.015462957, 0, 0.9998805, -46.112236, 0, 59.216904)

[node name="DirectionalSign19" parent="Props/Road Signs" unique_id=1239244479 instance=ExtResource("9_rpi05")]
transform = Transform3D(0.9998805, 0, -0.015462957, 0, 1, 0, 0.015462957, 0, 0.9998805, -52.321648, 0, 59.226994)

[node name="DirectionalSign20" parent="Props/Road Signs" unique_id=1614567089 instance=ExtResource("9_rpi05")]
transform = Transform3D(0.11122612, 0, -0.99379516, 0, 1, 0, 0.99379516, 0, 0.11122612, -55.679653, 0, 55.784107)

[node name="DirectionalSign21" parent="Props/Road Signs" unique_id=185339481 instance=ExtResource("9_rpi05")]
transform = Transform3D(0.11122612, 0, -0.99379516, 0, 1, 0, 0.99379516, 0, 0.11122612, -56.401077, 0, 49.338234)

[node name="DirectionalSign22" parent="Props/Road Signs" unique_id=1866671308 instance=ExtResource("9_rpi05")]
transform = Transform3D(0.11122612, 0, -0.99379516, 0, 1, 0, 0.99379516, 0, 0.11122612, -57.08861, 0, 43.19518)

[node name="DirectionalSign23" parent="Props/Road Signs" unique_id=741255990 instance=ExtResource("9_rpi05")]
transform = Transform3D(0.11122612, 0, -0.99379516, 0, 1, 0, 0.99379516, 0, 0.11122612, -57.789314, 0, 36.934456)

[node name="DirectionalSign24" parent="Props/Road Signs" unique_id=802131132 instance=ExtResource("9_rpi05")]
transform = Transform3D(0.11122612, 0, -0.99379516, 0, 1, 0, 0.99379516, 0, 0.11122612, -58.486286, 0, 30.70708)

[node name="Cones" type="Node3D" parent="Props" unique_id=1208380975]

[node name="Cone" parent="Props/Cones" unique_id=1777674108 instance=ExtResource("10_gld4s")]
transform = Transform3D(1, 0, 0, 0, 1, 0, 0, 0, 1, -53.363663, 0.0002819169, -18.735237)

[node name="Cone2" parent="Props/Cones" unique_id=210981773 instance=ExtResource("10_gld4s")]
transform = Transform3D(1, 0, 0, 0, 1, 0, 0, 0, 1, -52.629627, 0.0002819169, -20.944134)

[node name="Cone3" parent="Props/Cones" unique_id=989640827 instance=ExtResource("10_gld4s")]
transform = Transform3D(1, 0, 0, 0, 1, 0, 0, 0, 1, -51.818333, 0.0002819169, -22.708813)

[node name="Cone4" parent="Props/Cones" unique_id=859234717 instance=ExtResource("10_gld4s")]
transform = Transform3D(1, 0, 0, 0, 1, 0, 0, 0, 1, -50.979908, 0.0002819169, -24.78598)

[node name="Cone5" parent="Props/Cones" unique_id=1788527748 instance=ExtResource("10_gld4s")]
transform = Transform3D(1, 0, 0, 0, 1, 0, 0, 0, 1, -50.14715, 0.0002819169, -26.567633)

[node name="Cone6" parent="Props/Cones" unique_id=1312146021 instance=ExtResource("10_gld4s")]
transform = Transform3D(1, 0, 0, 0, 1, 0, 0, 0, 1, -49.238445, 0.00028287058, -28.407566)

[node name="Cone7" parent="Props/Cones" unique_id=1883250321 instance=ExtResource("10_gld4s")]
transform = Transform3D(1, 0, 0, 0, 1, 0, 0, 0, 1, -47.89607, 0.00028287058, -30.282087)

[node name="Cone8" parent="Props/Cones" unique_id=616133873 instance=ExtResource("10_gld4s")]
transform = Transform3D(1, 0, 0, 0, 1, 0, 0, 0, 1, -46.801, 0.00028287058, -31.813715)

[node name="Cone9" parent="Props/Cones" unique_id=248865722 instance=ExtResource("10_gld4s")]
transform = Transform3D(1, 0, 0, 0, 1, 0, 0, 0, 1, -45.38825, 0.00028287058, -33.639137)

[node name="Cone10" parent="Props/Cones" unique_id=180548928 instance=ExtResource("10_gld4s")]
transform = Transform3D(1, 0, 0, 0, 1, 0, 0, 0, 1, -43.906105, 0.00028382425, -35.38699)

[node name="Cone11" parent="Props/Cones" unique_id=1711305392 instance=ExtResource("10_gld4s")]
transform = Transform3D(1, 0, 0, 0, 1, 0, 0, 0, 1, -42.504185, 0.00028382425, -37.155106)

[node name="Cone12" parent="Props/Cones" unique_id=1422569198 instance=ExtResource("10_gld4s")]
transform = Transform3D(1, 0, 0, 0, 1, 0, 0, 0, 1, -40.81406, 0.00028382425, -38.943844)

[node name="Cone13" parent="Props/Cones" unique_id=925969295 instance=ExtResource("10_gld4s")]
transform = Transform3D(1, 0, 0, 0, 1, 0, 0, 0, 1, -9.030918, 0.00029145365, 55.092556)

[node name="Cone14" parent="Props/Cones" unique_id=2094547178 instance=ExtResource("10_gld4s")]
transform = Transform3D(1, 0, 0, 0, 1, 0, 0, 0, 1, -7.699895, 0.00029145365, 55.35702)

[node name="Cone15" parent="Props/Cones" unique_id=1453524150 instance=ExtResource("10_gld4s")]
transform = Transform3D(1, 0, 0, 0, 1, 0, 0, 0, 1, -6.3670464, 0.00029145365, 55.503593)

[node name="Cone16" parent="Props/Cones" unique_id=1256076731 instance=ExtResource("10_gld4s")]
transform = Transform3D(1, 0, 0, 0, 1, 0, 0, 0, 1, -5.363358, 0.00029145365, 55.588882)

[node name="Cone17" parent="Props/Cones" unique_id=810501882 instance=ExtResource("10_gld4s")]
transform = Transform3D(1, 0, 0, 0, 1, 0, 0, 0, 1, -4.388869, 0.00029145365, 55.684834)

[node name="Cone18" parent="Props/Cones" unique_id=812755813 instance=ExtResource("10_gld4s")]
transform = Transform3D(1, 0, 0, 0, 1, 0, 0, 0, 1, -3.2510495, 0.00029145365, 55.80434)

[node name="Cone19" parent="Props/Cones" unique_id=34689327 instance=ExtResource("10_gld4s")]
transform = Transform3D(1, 0, 0, 0, 1, 0, 0, 0, 1, -2.3243885, 0.00029145365, 55.924114)

[node name="Cone20" parent="Props/Cones" unique_id=1865224123 instance=ExtResource("10_gld4s")]
transform = Transform3D(1, 0, 0, 0, 1, 0, 0, 0, 1, -1.2518158, 0.00029145365, 55.848133)

[node name="Cone21" parent="Props/Cones" unique_id=766562567 instance=ExtResource("10_gld4s")]
transform = Transform3D(1, 0, 0, 0, 1, 0, 0, 0, 1, -0.1872263, 0.00029145365, 55.90117)

[node name="Cone22" parent="Props/Cones" unique_id=59811345 instance=ExtResource("10_gld4s")]
transform = Transform3D(1, 0, 0, 0, 1, 0, 0, 0, 1, 0.9551116, 0.00029145365, 55.887802)

[node name="Cone23" parent="Props/Cones" unique_id=1567095790 instance=ExtResource("10_gld4s")]
transform = Transform3D(1, 0, 0, 0, 1, 0, 0, 0, 1, 2.312204, 0.00029145365, 55.87998)

[node name="Cone24" parent="Props/Cones" unique_id=699872417 instance=ExtResource("10_gld4s")]
transform = Transform3D(1, 0, 0, 0, 1, 0, 0, 0, 1, 3.334299, 0.00029145365, 55.813797)

[node name="Cone25" parent="Props/Cones" unique_id=1181548517 instance=ExtResource("10_gld4s")]
transform = Transform3D(1, 0, 0, 0, 1, 0, 0, 0, 1, 4.364697, 0.00029145365, 55.62621)

[node name="Cone26" parent="Props/Cones" unique_id=102109943 instance=ExtResource("10_gld4s")]
transform = Transform3D(1, 0, 0, 0, 1, 0, 0, 0, 1, 5.535816, 0.00029145365, 55.552933)

[node name="Cone27" parent="Props/Cones" unique_id=1697651220 instance=ExtResource("10_gld4s")]
transform = Transform3D(1, 0, 0, 0, 1, 0, 0, 0, 1, 6.700288, 0.00029145365, 55.398666)

[node name="Hints" type="Node3D" parent="Props" unique_id=1604443302]

[node name="DirectionalHint" parent="Props/Hints" unique_id=1830517085 instance=ExtResource("11_rb16c")]
transform = Transform3D(0.5371229, 0, -0.843504, 0, 1, 0, 0.843504, 0, 0.5371229, 129.54898, 3.6361494, -27.985964)

[node name="DirectionalHint2" parent="Props/Hints" unique_id=863173205 instance=ExtResource("11_rb16c")]
transform = Transform3D(0.5371229, 0, -0.843504, 0, 1, 0, 0.843504, 0, 0.5371229, -20.3881, 3.636157, 87.18344)

[node name="DirectionalHint3" parent="Props/Hints" unique_id=1145904251 instance=ExtResource("11_rb16c")]
transform = Transform3D(-0.99992657, -1.237396e-09, 0.012129689, 2.297611e-09, -1, 8.739261e-08, 0.012129687, 8.741402e-08, 0.9999267, 28.81798, 3.4678679, -90.760635)

[node name="Poles" type="Node3D" parent="Props" unique_id=1857974899]

[node name="Pole" parent="Props/Poles" unique_id=1139154754 instance=ExtResource("12_si2rs")]
transform = Transform3D(1, 0, 0, 0, 1, 0, 0, 0, 1, -44.50421, 0.97986794, 80.50971)

[node name="Pole2" parent="Props/Poles" unique_id=622336185 instance=ExtResource("12_si2rs")]
transform = Transform3D(1, 0, 0, 0, 1, 0, 0, 0, 1, -30.568554, 0.97986794, 80.50971)

[node name="Pole3" parent="Props/Poles" unique_id=1933155239 instance=ExtResource("12_si2rs")]
transform = Transform3D(1, 0, 0, 0, 1, 0, 0, 0, 1, -30.568554, -0.19995093, 95.82569)

[node name="Pole4" parent="Props/Poles" unique_id=1277760259 instance=ExtResource("12_si2rs")]
transform = Transform3D(1, 0, 0, 0, 1, 0, 0, 0, 1, -30.568554, -0.19995093, 98.61066)

[node name="Pole5" parent="Props/Poles" unique_id=1212934426 instance=ExtResource("12_si2rs")]
transform = Transform3D(1, 0, 0, 0, 1, 0, 0, 0, 1, -30.568554, -0.19995093, 101.94192)

[node name="Pole6" parent="Props/Poles" unique_id=1350416321 instance=ExtResource("12_si2rs")]
transform = Transform3D(1, 0, 0, 0, 1, 0, 0, 0, 1, -30.568554, -0.19995093, 105.067535)

[node name="Pole7" parent="Props/Poles" unique_id=1240229823 instance=ExtResource("12_si2rs")]
transform = Transform3D(1, 0, 0, 0, 1, 0, 0, 0, 1, -30.568554, -0.19995093, 107.329575)

[node name="Pole8" parent="Props/Poles" unique_id=695115904 instance=ExtResource("12_si2rs")]
transform = Transform3D(1, 0, 0, 0, 1, 0, 0, 0, 1, -30.568554, -0.19995093, 110.069176)

[node name="Pole9" parent="Props/Poles" unique_id=60638906 instance=ExtResource("12_si2rs")]
transform = Transform3D(1, 0, 0, 0, 1, 0, 0, 0, 1, -30.568554, -0.19995093, 112.74637)

[node name="Saguaros" type="Node3D" parent="." unique_id=961449733]

[node name="Saguaro" parent="Saguaros" unique_id=1908648476 instance=ExtResource("14_o5ca2")]
transform = Transform3D(0.30828652, 0, -0.9512935, 0, 1, 0, 0.9512935, 0, 0.30828652, 113.96152, -3.2000303, -42.33938)

[node name="Saguaro2" parent="Saguaros" unique_id=101531570 instance=ExtResource("14_o5ca2")]
transform = Transform3D(0.30828652, 0, -0.9512935, 0, 1, 0, 0.9512935, 0, 0.30828652, 23.345928, -1.3943949, -99.272385)

[node name="Saguaro3" parent="Saguaros" unique_id=1667962430 instance=ExtResource("14_o5ca2")]
transform = Transform3D(0.6739156, 0, -0.7388083, 0, 1, 0, 0.7388083, 0, 0.6739156, 80.11331, 0.9806032, -157.50008)

[node name="Saguaro4" parent="Saguaros" unique_id=932819483 instance=ExtResource("14_o5ca2")]
transform = Transform3D(0.74750835, 0, -0.6642523, 0, 1, 0, 0.6642523, 0, 0.74750835, -124.95342, 13.82776, -100.107635)

[node name="Trees" type="Node3D" parent="." unique_id=160228830]

[node name="Tamarisk" parent="Trees" unique_id=173889297 instance=ExtResource("15_8don6")]
transform = Transform3D(0.5390207, 0, -0.8422925, 0, 1, 0, 0.8422925, 0, 0.5390207, -34.04906, 0.011826873, -22.26498)

[node name="Tamarisk2" parent="Trees" unique_id=1987362629 instance=ExtResource("15_8don6")]
transform = Transform3D(0.50476867, 0, -0.86325467, 0, 1, 0, 0.86325467, 0, 0.50476867, 5.922291, 0.011826873, -39.084736)

[node name="Tamarisk3" parent="Trees" unique_id=727287107 instance=ExtResource("15_8don6")]
transform = Transform3D(0.5583244, 0, -0.8296227, 0, 1, 0, 0.8296227, 0, 0.5583244, 28.760887, 0.011826873, -51.254284)

[node name="Tamarisk4" parent="Trees" unique_id=1912899241 instance=ExtResource("15_8don6")]
transform = Transform3D(0.500529, 0, -0.8657198, 0, 1, 0, 0.8657198, 0, 0.500529, 44.814392, 0.011826873, -37.34126)

[node name="Tamarisk5" parent="Trees" unique_id=2101392218 instance=ExtResource("15_8don6")]
transform = Transform3D(1, 0, 0, 0, 1, 0, 0, 0, 1, 35.776283, 0.011826873, -17.016605)

[node name="Tamarisk6" parent="Trees" unique_id=1633639136 instance=ExtResource("15_8don6")]
transform = Transform3D(0.77068007, 0, 0.63722223, 0, 1, 0, -0.63722223, 0, 0.77068007, 41.12166, 0.011823058, -4.701412)

[node name="Tamarisk7" parent="Trees" unique_id=1560560298 instance=ExtResource("15_8don6")]
transform = Transform3D(-0.89457583, 0, 0.44691622, 0, 1, 0, -0.44691622, 0, -0.89457583, 58.117332, 0.011826873, 5.6338234)

[node name="Tamarisk8" parent="Trees" unique_id=222240519 instance=ExtResource("15_8don6")]
transform = Transform3D(0.9616983, 0, -0.2741103, 0, 1, 0, 0.2741103, 0, 0.9616983, 40.94574, 0.011826873, 43.965244)

[node name="Tamarisk9" parent="Trees" unique_id=838321516 instance=ExtResource("15_8don6")]
transform = Transform3D(0.672651, 0, 0.7399599, 0, 1, 0, -0.7399599, 0, 0.672651, 17.70942, 0.011826873, 37.370472)

[node name="Tamarisk10" parent="Trees" unique_id=153166572 instance=ExtResource("15_8don6")]
transform = Transform3D(-0.09482069, 0, 0.99549437, 0, 1, 0, -0.99549437, 0, -0.09482069, 10.407898, 0.0118306875, 58.538483)

[node name="Tamarisk11" parent="Trees" unique_id=16163823 instance=ExtResource("15_8don6")]
transform = Transform3D(0.92532223, 0, -0.37918162, 0, 1, 0, 0.37918162, 0, 0.92532223, -41.27286, 0.0118306875, 48.35462)

[node name="Tamarisk12" parent="Trees" unique_id=197583463 instance=ExtResource("15_8don6")]
transform = Transform3D(0.8497271, 0, -0.52722275, 0, 1, 0, 0.52722275, 0, 0.8497271, 3.1113853, 0.0118306875, 28.732239)

[node name="Tamarisk13" parent="Trees" unique_id=426479454 instance=ExtResource("15_8don6")]
transform = Transform3D(1, 0, 0, 0, 1, 0, 0, 0, 1, 60.63094, 0.51197565, 35.04303)

[node name="Tamarisk14" parent="Trees" unique_id=1435398266 instance=ExtResource("15_8don6")]
transform = Transform3D(0.08851179, 0, -0.99607515, 0, 1, 0, 0.99607515, 0, 0.08851179, 72.486694, 0.44563425, 51.715637)

[node name="Tamarisk15" parent="Trees" unique_id=2016248488 instance=ExtResource("15_8don6")]
transform = Transform3D(-0.82235265, 0, -0.5689781, 0, 1, 0, 0.5689781, 0, -0.82235265, 81.186386, -0.014711022, 74.7901)

[node name="Tamarisk16" parent="Trees" unique_id=1341201581 instance=ExtResource("15_8don6")]
transform = Transform3D(0.76434773, 0, -0.64480424, 0, 1, 0, 0.64480424, 0, 0.76434773, 182.68361, -6.4392467, 16.852966)

[node name="Tamarisk17" parent="Trees" unique_id=1406090454 instance=ExtResource("15_8don6")]
transform = Transform3D(0.5794519, 0, 0.81500643, 0, 1, 0, -0.81500643, 0, 0.5794519, 171.16292, -5.6841664, 57.722504)

[node name="Tamarisk18" parent="Trees" unique_id=1355116796 instance=ExtResource("15_8don6")]
transform = Transform3D(-0.56644934, 0, -0.82409656, 0, 1, 0, 0.82409656, 0, -0.56644934, 155.52635, -6.461327, 102.09482)

[node name="Tamarisk19" parent="Trees" unique_id=991098855 instance=ExtResource("15_8don6")]
transform = Transform3D(0.07019174, 0, 0.99753356, 0, 1, 0, -0.99753356, 0, 0.07019174, 190.40334, -3.6021132, 128.2907)

[node name="WindTurbine" parent="." unique_id=1795856187 instance=ExtResource("17_ndxey")]
transform = Transform3D(0.86277854, 0, 0.5055821, 0, 1, 0, -0.5055821, 0, 0.86277854, 184.99965, 3.702795, -59.073463)

[connection signal="suspension_updated" from="Monteri" to="Driver" method="_on_vehicle_suspension_updated"]
[connection signal="suspension_updated" from="Pretender M3" to="Driver" method="_on_vehicle_suspension_updated"]
